row ID,loss
100001,4972.847471039251
100002,4618.689974278828
100003,3698.363058782014
100004,1793.9674099405206
100005,3647.7647468556734
100006,9037.923454305745
100007,3249.9384453127864
100008,2781.7827800973337
100009,3242.955375007582
100010,3372.1059149761504
100011,2614.248952462566
100012,5266.329033154839
100013,8845.556254544612
100014,3208.682930648682
100015,4467.77177750532
100016,2171.9586384392996
100017,2697.485361896155
100018,2142.5187538692717
100019,2072.3755384871683
100020,2479.4068781676115
100021,2014.3135099199458
100022,3426.370579429634
100023,2603.743600488667
100024,3756.546687810866
100025,2332.730759185958
100026,1995.6225153715461
100027,2906.017538918673
100028,2137.1786790948313
100029,2633.218994889891
100030,2659.6620991735526
100031,5009.0033248587
100032,5954.9881436355645
100033,2334.9083150857205
100034,2952.7566917171744
100035,2094.0279583306105
100036,6164.521712819622
100037,10478.962835981254
100038,2796.378430178257
100039,4950.343300830022
100040,2010.0118775836763
100041,3653.830452623166
100042,2112.457556756959
100043,1857.8060511280164
100044,3801.2652134947534
100045,5499.741870320198
100046,4501.790845835709
100047,2549.1793748183704
100048,4225.3536508798015
100049,3039.5050060501035
100050,6615.69719993316
100051,2031.1477444233897
100052,2612.5106632790203
100053,7795.815657217185
100054,2526.4251294620326
100055,1996.0089453955482
100056,3010.8825439809348
100057,1876.1382622428268
100058,1657.2017760940762
100059,6172.378862787775
100060,1683.0536120736156
100061,2339.81443536616
100062,5943.583951195751
100063,2401.1008010791165
100064,2053.390480188212
100065,3836.3629463233574
100066,6168.681557764521
100067,2610.844599763399
100068,4674.161398357028
100069,1613.4577562321815
100070,3143.5903949623403
100071,7687.978283084717
100072,5293.387283333882
100073,11018.667720047535
100074,4883.959211662533
100075,5892.163490728141
100076,2384.725810245537
100077,2439.428278965508
100078,2793.241842557088
100079,7215.742040219737
100080,4173.874613210278
100081,4717.912901130199
100082,8008.725243685337
100083,2427.3385788076503
100084,3524.949738194441
100085,2733.819949402183
100086,13143.985339491093
100087,3210.245651609639
100088,4318.72886021722
100089,4580.256692212085
100090,1358.7569123541907
100091,4984.739125329435
100092,1739.7216537551685
100093,2567.174263349115
100094,2258.7950782411626
100095,2089.969360487334
100096,4042.914612297652
100097,5485.998193839549
100098,2957.5485336573915
100099,2404.776466579373
100100,8445.558423635934
100101,5761.561523124342
100102,2686.0357499181328
100103,3043.9519936041283
100104,1620.909162460824
100105,6284.946590643048
100106,3655.044383866926
100107,2859.721213346679
100108,4752.554641514335
100109,5526.025321802963
100110,3817.77232556714
100111,4193.10760992969
100112,2791.8771943647657
100113,4908.6280061736925
100114,2708.4063813430175
100115,3750.3256306597664
100116,3180.5739640628335
100117,2705.274796996809
100118,3577.5483294085707
100119,2214.0997970237095
100120,2474.374166454836
100121,4084.0680461535303
100122,2174.2968421157293
100123,3262.752537011537
100124,3953.785621168913
100125,2541.9490120233995
100126,2199.600948783263
100127,2777.069286056266
100128,4164.322949289105
100129,6777.868411818934
100130,2803.331623137804
100131,2122.0896267590765
100132,3223.8677255777675
100133,3236.449342508926
100134,5930.7623694129115
100135,2863.582496624608
100136,3642.528415336701
100137,2709.5550429204586
100138,5066.348580173198
100139,2718.1879052786903
100140,1992.5868987583485
100141,4455.4060659296065
100142,3559.9165845779808
100143,2403.0875211982566
100144,4049.7929803777497
100145,5028.181266860061
100146,1915.778641340241
100147,3355.3445846533496
100148,2463.449748358549
100149,3657.147698753738
100150,3458.132440405896
100151,2356.793660309998
100152,10586.186363109819
100153,13478.878289271768
100154,4117.331717374964
100155,2433.7761081143876
100156,3052.858681101272
100157,3675.106203309368
100158,5025.717258764042
100159,4817.160295665855
100160,2552.0480049582197
100161,5858.252008286313
100162,3422.9458171254837
100163,2809.866617296965
100164,1947.5428820600937
100165,13231.791417140641
100166,3173.0861069670655
100167,1794.3039634195115
100168,2837.7705694897477
100169,7283.06668001816
100170,8891.455281287435
100171,2252.6902711201333
100172,5214.275875919625
100173,6160.163227993338
100174,2546.534380167549
100175,2720.9688182306945
100176,2955.0734968363236
100177,3611.048467493715
100178,3579.1418471017573
100179,3319.9868027692128
100180,2256.9102816629165
100181,2087.276635429668
100182,3150.638792266588
100183,5592.3911961318245
100184,9920.161649504644
100185,1947.81525526924
100186,12939.736556363741
100187,2212.2710955192324
100188,2767.3182442402413
100189,3209.759514686265
100190,5259.581727877536
100191,8131.05481154731
100192,3255.709049944105
100193,3078.161175400341
100194,1814.1506295560716
100195,2991.0736987533064
100196,6434.394330257186
100197,2567.4492042295674
100198,8202.212457430953
100199,2571.0379673727157
100200,7141.239508833541
100201,2471.324404542109
100202,5038.845485719721
100203,2746.501918157056
100204,3076.721889416227
100205,4141.881781190692
100206,2757.889564960209
100207,2814.5141956803523
100208,3789.983354759752
100209,2543.054634388716
100210,3943.8093479940867
100211,6970.471278725699
100212,3141.2094873565816
100213,3430.7218388373085
100214,2574.653067124192
100215,3137.024313189
100216,3258.2228738389967
100217,2398.4576468193
100218,5127.8586631819435
100219,2409.8011883067356
100220,2302.504348425408
100221,2696.8184264517413
100222,3079.6699089171966
100223,2853.522556168299
100224,4525.626327741347
100225,4874.11805730726
100226,2795.9422817147442
100227,2036.387599743407
100228,2515.6206619359436
100229,7083.307988680257
100230,2791.738308336541
100231,3640.948806782929
100232,2973.1836006632875
100233,2711.0048544107167
100234,11448.043891766734
100235,4581.48600333001
100236,3141.8586693814514
100237,3267.2174701594286
100238,2699.374369297696
100239,2332.5242026922374
100240,5346.985207276563
100241,2101.2252158402534
100242,6502.947779540298
100243,2598.303765778288
100244,4296.649171910936
100245,3873.8961424441095
100246,5333.654786867553
100247,2250.7507280648797
100248,3072.941496573174
100249,3195.9483749625924
100250,5256.055779840665
100251,2350.7109848297905
100252,2330.112027866906
100253,4750.129411117061
100254,10533.9519733819
100255,6819.987941541724
100256,2660.5486575865175
100257,1680.783877089391
100258,3114.0196912599017
100259,2553.241396211444
100260,4122.653851221
100261,8212.268030609177
100262,2234.4906239545
100263,1840.078510771375
100264,2851.521842222046
100265,7700.736138723912
100266,4945.05572117321
100267,4574.459449599603
100268,3460.4509950787206
100269,2916.355566737116
100270,4846.697520019759
100271,3878.0759879844322
100272,1474.1176022454429
100273,2825.116862855744
100274,3160.804265099789
100275,2782.129984108971
100276,2268.513031325475
100277,6951.695973860952
100278,2429.155477567443
100279,3182.934856401651
100280,4512.252143322641
100281,2515.123814275156
100282,3836.941024379976
100283,7793.934409026433
100284,3073.470897944096
100285,3476.904498073979
100286,2810.363817513835
100287,2883.926794352265
100288,2899.24651580697
100289,3943.4298675050795
100290,2055.735592731902
100291,6323.773714939056
100292,3114.2716765039095
100293,2367.7553207149804
100294,1782.0591158161901
100295,3828.3463910996697
100296,2724.0925836624046
100297,2077.7145645525206
100298,5086.53990072852
100299,2996.4627587372424
100300,3043.5289586801537
100301,3493.027756426602
100302,3851.099292133687
100303,6302.621776338487
100304,2945.991067477852
100305,3271.584676231818
100306,3002.510651075541
100307,4214.766917083408
100308,3102.4781085823292
100309,3675.969180936505
100310,2355.4208465493493
100311,2502.15178935683
100312,1994.427095277295
100313,8883.412166226615
100314,3451.772650492412
100315,3728.3380039669846
100316,4152.753217200272
100317,3635.738798989275
100318,2968.3768404286584
100319,4498.52318415502
100320,2570.223663857969
100321,2555.687463443779
100322,2889.293700457709
100323,3916.6521539879222
100324,3295.843515563788
100325,3887.652836109729
100326,4094.3305556157684
100327,2176.144614445724
100328,3109.293848419078
100329,2959.0079679069067
100330,2788.4168970822
100331,7735.996440713856
100332,13662.510213279273
100333,2340.378445021145
100334,4168.880693129588
100335,2521.4687451700047
100336,3982.7407429817167
100337,3600.93394547894
100338,3255.306309908923
100339,2841.1369818457574
100340,2617.1121428802326
100341,3336.991363227917
100342,11212.565420023704
100343,6300.117203259851
100344,5178.464060378041
100345,10946.573424054248
100346,2200.161375559804
100347,2640.2924859650875
100348,2574.4387896557582
100349,2731.0052899577668
100350,6668.8668252777115
100351,3679.4752091236523
100352,3382.513422182088
100353,2010.9350980437566
100354,2886.7170238730832
100355,2774.1703643587366
100356,5008.149375220476
100357,4061.5858009138756
100358,3473.2616076716245
100359,5286.933378335686
100360,8616.177303346403
100361,3394.12299379413
100362,10747.015748437332
100363,3478.3471375709496
100364,3589.4498141428344
100365,2355.2665637254468
100366,2740.60864044093
100367,1769.213929171171
100368,3659.0384122656783
100369,3298.601177973321
100370,2511.9662005197038
100371,2742.572787190451
100372,3077.681139777217
100373,3961.8763319535933
100374,2768.9947185803717
100375,3743.4001848522785
100376,7755.428715542034
100377,1695.496168291987
100378,2937.3149996916036
100379,4176.6313209463915
100380,4957.781339226518
100381,2996.4489744353978
100382,3838.021555495583
100383,4462.085040614965
100384,17381.34736225548
100385,2311.033708358062
100386,2357.1432779725037
100387,6526.842765286783
100388,2645.376749353195
100389,4855.143219083695
100390,3622.244842005804
100391,2597.3662926240327
100392,4186.270193570582
100393,2519.1786984360583
100394,2179.222931069892
100395,2329.15577024289
100396,6533.342574146865
100397,4604.845290672524
100398,9834.13401616114
100399,4165.778821968225
100400,2930.912652531887
100401,4962.549737516617
100402,3870.2484212792574
100403,3664.7469762807627
100404,2158.2684636790127
100405,8418.941404126255
100406,1712.7632542131614
100407,3133.143397695927
100408,2577.8602363746695
100409,6429.100862927306
100410,2879.274341844882
100411,9063.97516866235
100412,1544.041873552435
100413,2135.2373015198336
100414,7014.8292973960815
100415,2462.1863725247454
100416,4564.52940376879
100417,4065.2383626723763
100418,5564.088350690872
100419,3345.3087010123454
100420,3827.573196267302
100421,2513.8761533834468
100422,4684.480548910701
100423,8254.555352300918
100424,3537.2100066087996
100425,10018.43165475014
100426,4361.484664717905
100427,3234.095199936582
100428,3070.5381610492213
100429,2169.241837521862
100430,3569.652593999555
100431,3855.077279960381
100432,2095.0374367626055
100433,4463.291237841103
100434,3515.584916924603
100435,4190.8125309915185
100436,2817.381548825495
100437,3897.9720364263358
100438,2241.7315773970913
100439,6604.379351370997
100440,3057.3843562615075
100441,2628.242763727597
100442,4036.930942949362
100443,2445.1782975122824
100444,2138.6867268264095
100445,3132.5266651520014
100446,3121.2017715452944
100447,2555.561648430956
100448,2016.5241269902538
100449,3006.1673026688877
100450,2026.2075619694997
100451,7585.210784192452
100452,14964.000328606091
100453,3107.7113134494225
100454,2531.3681359820453
100455,3010.485741509994
100456,3031.2108942189275
100457,3143.9517798485053
100458,2812.5135760545854
100459,2620.481352017654
100460,2400.446701413641
100461,2840.6426437703904
100462,1705.003618274684
100463,5883.826572437942
100464,2267.897912026685
100465,3391.0693612957534
100466,1787.7900557890553
100467,2218.6843690390024
100468,2466.1290346697174
100469,4050.951200783157
100470,3163.326933403806
100471,1799.312859081423
100472,3109.004321671003
100473,4389.6892069031965
100474,3568.4887371965992
100475,3873.028668380785
100476,3133.511312983881
100477,3469.5279292539503
100478,3229.4333058817856
100479,2317.553740900713
100480,4168.141561693387
100481,4928.462435417495
100482,6959.089630337793
100483,8841.892688012333
100484,7563.979318197202
100485,1993.3819134852938
100486,5936.614926361442
100487,3440.904053924727
100488,1924.2082924877836
100489,2288.443769064532
100490,7095.53450314421
100491,6735.13811615421
100492,8790.963370263076
100493,3110.8326842119286
100494,2206.2384843610675
100495,5958.699176993965
100496,8347.15091982486
100497,7209.619312246674
100498,2927.9297002861404
100499,5989.368408930279
100500,2797.8228819164788
100501,4638.836638841149
100502,3436.0311112232603
100503,3056.471415122738
100504,3754.346427539963
100505,9103.973171943173
100506,7580.93372955091
100507,3011.569042626946
100508,2261.785211437077
100509,2866.454151381594
100510,1623.903879094004
100511,11896.64974077187
100512,3272.840938885379
100513,5830.5150519596555
100514,3285.6394690118427
100515,3539.943992135713
100516,4745.530705178268
100517,7743.917511395242
100518,12416.672348069937
100519,3809.348700952503
100520,3811.6625699774213
100521,2775.752985553655
100522,3196.886146908779
100523,5747.706200967085
100524,3598.193863788133
100525,3542.3232250134533
100526,2717.0982005637297
100527,2805.1158606435542
100528,3604.4588377179016
100529,3277.463870701514
100530,2089.6613409736497
100531,5794.287856129276
100532,1903.0579259850024
100533,1645.295603740557
100534,4068.2742240746466
100535,3081.275711186557
100536,3234.2681590933767
100537,4036.7157928345086
100538,2575.4140350408093
100539,6459.385524235939
100540,3359.4088566728947
100541,2078.4693239523244
100542,6221.281563234179
100543,9241.615836747966
100544,4675.05576555322
100545,6166.0574587651045
100546,2260.6763858291
100547,2956.1941603358478
100548,2885.3142912848994
100549,4475.851900610264
100550,2631.0424717274063
100551,2012.0290857559596
100552,2806.2579304097217
100553,3458.9606101833624
100554,6694.596361854086
100555,5704.478420069989
100556,2835.332713989682
100557,3486.4325404000665
100558,4452.764295215296
100559,3048.5048938708223
100560,2233.672353873313
100561,1807.4244920608353
100562,2497.8223520421725
100563,8941.299861071548
100564,3299.874514555451
100565,2142.8053777648247
100566,2764.0268201937024
100567,4074.2409817490893
100568,1923.0589474323888
100569,8161.880967250652
100570,3683.440197058432
100571,3616.3064686797907
100572,3091.116269932671
100573,3462.400706457094
100574,2613.7981933962433
100575,2805.1335447426177
100576,2103.2423756113394
100577,5349.471316506131
100578,2220.544491693451
100579,3229.710769066689
100580,3607.0871657440925
100581,2650.0637582640675
100582,2314.852527469111
100583,5245.9836371336005
100584,2695.7758504507115
100585,2494.046736716686
100586,2988.8207967321587
100587,2644.5694781946377
100588,11326.437652579742
100589,6848.316242549309
100590,2649.6086348187814
100591,1850.2351098027461
100592,3674.3689363446383
100593,2611.8447571146235
100594,3158.110233418138
100595,1883.7096229093863
100596,9449.557095027008
100597,4241.587688652808
100598,2393.728168819339
100599,2500.921407760318
100600,5598.742046128348
100601,4691.528135773258
100602,2820.571825802514
100603,2120.539561828557
100604,2994.5582232916113
100605,3385.654027152764
100606,3038.3204933069956
100607,2946.8868095225334
100608,2106.745586378457
100609,11605.297516164159
100610,13875.138516771882
100611,2226.287727918335
100612,3936.864573593377
100613,1905.0601533082277
100614,2576.346466183066
100615,1869.4527183467649
100616,4561.374232182155
100617,2929.5336533152945
100618,2607.9796329585815
100619,4237.943577230057
100620,3810.6486580373
100621,3165.4882938004107
100622,3394.848887189171
100623,3258.726010002798
100624,17779.35796247838
100625,1840.8434455806605
100626,2490.547656905514
100627,2972.837978364685
100628,4844.887125812356
100629,2069.024756141769
100630,3325.24618184672
100631,3785.5321194271955
100632,2986.935641324594
100633,5900.341873373648
100634,5430.440298236881
100635,2820.271932963732
100636,4347.073458980822
100637,2591.328111988887
100638,3062.968378988184
100639,3655.951529536015
100640,2227.323828118292
100641,3772.602325672916
100642,7511.83924743321
100643,3364.728634832155
100644,3451.4951690956846
100645,6521.0915214873785
100646,6587.116444975038
100647,1925.4456641615566
100648,1525.38177534748
100649,3230.5172465643554
100650,2242.2917777061825
100651,2586.369074133535
100652,3704.119239392511
100653,3360.301102323048
100654,3058.050482294678
100655,1923.612065347742
100656,3145.468488516338
100657,2383.9511980310085
100658,4197.776064320614
100659,2915.402576954638
100660,1853.126116035788
100661,4870.125542322027
100662,3389.507028002331
100663,4580.437582130418
100664,2518.48673420215
100665,3389.205118378367
100666,4887.0671197139445
100667,3139.612099142502
100668,4309.167179591546
100669,2374.6505758103167
100670,4270.83169778238
100671,2313.652180122999
100672,2503.6909970443457
100673,5620.767554769601
100674,5305.097127715295
100675,3313.71272419281
100676,2948.421719529012
100677,4681.571004326383
100678,3672.1922094309157
100679,13582.61812458817
100680,2661.7808337632387
100681,3320.1955999020006
100682,1759.5862359089674
100683,3209.4110151188984
100684,3996.5622213981082
100685,4702.005126310105
100686,2763.6580701749835
100687,3347.4161997078704
100688,3651.416919284819
100689,4536.9854520209865
100690,4374.35489590585
100691,3208.32145462256
100692,3070.541712798646
100693,2655.7766391817877
100694,2810.6584488587087
100695,2705.7801848376303
100696,2451.5668248698958
100697,2327.724099933711
100698,2223.1620431872316
100699,3760.692163652946
100700,2723.8697714774353
100701,2033.4620145162878
100702,2663.384207631148
100703,3087.7391846921837
100704,3502.338570202175
100705,3280.5805289074624
100706,7942.5352324651585
100707,2829.9754226386267
100708,6555.418622857967
100709,5195.230550317556
100710,7580.435955724529
100711,3742.8855932995953
100712,6597.897496851292
100713,2290.846155982962
100714,2795.8382207819323
100715,3058.41188444413
100716,2418.365420087416
100717,8039.464356390491
100718,1688.7187402056893
100719,4251.363064469901
100720,4186.132261685662
100721,2799.508230669208
100722,3750.7252378734165
100723,4554.671229038977
100724,2684.4032381977595
100725,2263.71103732792
100726,3362.3764459220397
100727,3633.3652262742903
100728,3153.704239343973
100729,1868.6131141845908
100730,2620.1352721641706
100731,6742.099814020432
100732,2778.0102301480556
100733,6585.123197663839
100734,2389.0072491421474
100735,2172.5715240248123
100736,2483.073521777311
100737,5561.81933370651
100738,4154.238735612401
100739,2020.129938103196
100740,6533.536742025412
100741,5827.950844397717
100742,3264.935659386179
100743,8120.69430095532
100744,3178.347693311512
100745,2450.5384979052487
100746,4779.85690445656
100747,5152.203432718479
100748,8129.6508055961385
100749,3036.090155497709
100750,8339.961958356804
100751,2799.0619092154357
100752,2841.382933986807
100753,4998.842797257828
100754,2895.9015448719347
100755,13044.946224151754
100756,2303.6325749468124
100757,10262.396703567523
100758,4083.7691729373555
100759,2544.272885482609
100760,4524.260136966664
100761,3469.843515974985
100762,2578.21308188033
100763,4661.267305258839
100764,2052.7134306298803
100765,6224.953258421875
100766,2437.514484559131
100767,2383.2676008440894
100768,3336.12416036852
100769,13583.771310732038
100770,11773.519636458124
100771,2716.042876060461
100772,2246.921050559166
100773,2739.8123918859155
100774,3063.545545443128
100775,4358.635734076803
100776,3991.045926224379
100777,8887.056215200748
100778,4189.399711967982
100779,3080.760646709728
100780,4437.216279975599
100781,5867.338032487141
100782,2972.4487013022826
100783,11208.741597658078
100784,6926.138687621447
100785,8236.292376377743
100786,10788.324175421429
100787,3315.824481937121
100788,10911.349924404807
100789,3419.922244243699
100790,3173.931473532475
100791,3590.5745689343094
100792,2921.888434994578
100793,2353.5125346750306
100794,5167.083560217706
100795,3399.7618821968827
100796,3152.3302140286005
100797,4359.036346124174
100798,16636.640715012574
100799,6847.079022906208
100800,2346.8332751329563
100801,3166.3006169337773
100802,2406.168970758923
100803,8768.61940832745
100804,3698.2429485751427
100805,6076.1528967546565
100806,3063.9034152954664
100807,4396.177877442647
100808,2754.2862743389196
100809,2970.2607338681883
100810,3030.7932121186295
100811,5383.183384864487
100812,2142.361506044799
100813,3417.8493242198356
100814,2366.7527041664453
100815,2968.3980991463586
100816,3994.0357741303
100817,2078.8989360723117
100818,4903.854787026241
100819,9245.083739436499
100820,4199.593012742996
100821,2579.1021055781102
100822,3634.8962035592303
100823,3555.3155731892093
100824,4572.912192633981
100825,4923.979020939026
100826,3106.423395729755
100827,6259.025639570467
100828,3529.9367856198273
100829,4189.251455297745
100830,6197.6076516251605
100831,2397.9898604754303
100832,4145.709969395491
100833,3003.702116185021
100834,2356.4438844795213
100835,10485.886127557038
100836,2764.63324313883
100837,3007.7489671260655
100838,4231.3892447715825
100839,1815.9817326620964
100840,8355.299129320512
100841,2875.4648954162644
100842,3958.0049735957755
100843,4360.766829881497
100844,4369.715660251519
100845,2820.154069231403
100846,4892.705636987753
100847,3723.5218717298394
100848,3979.1222798976614
100849,7845.602013836968
100850,5094.51052953108
100851,2611.6798531166733
100852,3491.773410937648
100853,7622.275735085386
100854,2947.295490350532
100855,4551.697476619222
100856,2413.284295766751
100857,5306.051610394161
100858,5236.041030121747
100859,7242.352401799685
100860,7083.391197359177
100861,1755.3961959561516
100862,7453.510572602756
100863,7493.67679611367
100864,4869.060919193781
100865,5826.936428819274
100866,2519.0733142972294
100867,4861.77409862209
100868,1787.395079171617
100869,1860.7865263865028
100870,1923.0145058168096
100871,2642.244689401501
100872,2566.611152989709
100873,4169.445923837459
100874,10115.678429300253
100875,3203.307582879607
100876,4297.0391037085965
100877,2609.4495704133155
100878,3259.8411074960304
100879,6855.643087378276
100880,3125.1006067885905
100881,2415.7964417431986
100882,2423.5135326815935
100883,3053.964444658824
100884,3048.4643991660987
100885,2241.91675908425
100886,2993.830483805764
100887,2071.499848369487
100888,2537.0105217258024
100889,4701.023592235671
100890,3557.282224332437
100891,3254.608116579906
100892,3867.9546035070834
100893,7877.506010624114
100894,2202.2563375344484
100895,2550.9838964565624
100896,4381.777523295582
100897,2807.9806239501513
100898,5685.371174747977
100899,2561.763451727328
100900,4120.196983748558
100901,4783.325909436522
100902,2060.1219316110355
100903,4059.541668503828
100904,3252.0641829013653
100905,2578.961404698336
100906,3006.155742844141
100907,1999.381545801585
100908,2013.534963740683
100909,1935.8946619999492
100910,3073.0891388506307
100911,10647.547145284432
100912,3020.064506482579
100913,4103.056659463332
100914,4058.746304386724
100915,2383.6632748773027
100916,5809.948846370324
100917,3419.980034640777
100918,2675.1450989722653
100919,2657.8773612195982
100920,2870.5686193459396
100921,4501.507825134738
100922,1876.513065793889
100923,3555.7260948280505
100924,7530.891604408367
100925,6689.905514627346
100926,6153.203071380524
100927,2550.474558924569
100928,2385.735953668989
100929,4101.377365789539
100930,3975.99820671253
100931,4238.294094027104
100932,3409.827726567962
100933,5081.517993177421
100934,2774.164172769277
100935,2858.538388893615
100936,2381.4330968480135
100937,2544.3880234437715
100938,4050.23238409604
100939,2793.7577016726254
100940,1876.7539067895655
100941,3388.205590014335
100942,2133.405508838364
100943,7557.433125249907
100944,2136.1017180406707
100945,3433.014958312232
100946,13639.751585657456
100947,2745.1459771072577
100948,4974.342921293337
100949,3262.649132610485
100950,4312.6898495888745
100951,2277.9325475679
100952,2754.3223847147674
100953,6440.109761732731
100954,5370.008586181731
100955,5754.843908853763
100956,5161.351747762858
100957,7063.47209959135
100958,3348.4302354517877
100959,2237.2212176486682
100960,3342.845745788386
100961,3169.985151356087
100962,8046.666149936714
100963,2739.0752094406225
100964,3623.309095366432
100965,2813.6117367061265
100966,2474.1707817658435
100967,3722.818220357894
100968,11484.085918477365
100969,2993.967525571615
100970,3218.9386435101987
100971,10667.842107898978
100972,2875.8387898950527
100973,4940.927568723307
100974,2454.696588321477
100975,3604.1577744939796
100976,2553.5509131848357
100977,5932.024453221514
100978,3467.511687557333
100979,2739.287529875961
100980,6216.951291809022
100981,1973.2022705530399
100982,2342.946789563128
100983,2833.789243915889
100984,2802.669574992147
100985,2489.364867476015
100986,2999.293037620545
100987,2978.3613341402906
100988,3761.021501514682
100989,4252.97006759629
100990,3377.3325997478087
100991,5840.846791493863
100992,3661.712932783573
100993,3060.423707861553
100994,3212.018642167533
100995,4790.376564758891
100996,3236.6783783853716
100997,5158.795998484793
100998,7146.038939720264
100999,3522.4047923005537
101000,2228.576820935211
101001,2778.915407870711
101002,3636.7563037195914
101003,2523.9540378297943
101004,3644.411934472732
101005,2557.1067233172844
101006,2478.3237899783035
101007,2789.589642945596
101008,2099.6876362637913
101009,2823.4213735659587
101010,4931.884771324541
101011,5533.100444916925
101012,4538.466596568186
101013,2356.4714002132987
101014,3064.3430036572586
101015,2724.4321402052565
101016,2487.752003969633
101017,3361.544033745622
101018,2346.144504581826
101019,2956.6600310865333
101020,8016.755184198408
101021,10287.398009900662
101022,13016.579262656469
101023,3765.726497376276
101024,7448.071170423721
101025,2266.1615386917492
101026,2779.5025494233623
101027,8914.035751684449
101028,2420.9241992443795
101029,2254.5112060901924
101030,1953.5310597583389
101031,8916.32989427306
101032,1719.842758232206
101033,2862.938133559138
101034,3133.0770900383172
101035,3064.3412610903124
101036,4260.725227232859
101037,4488.355643243186
101038,3283.9206180293413
101039,7389.490290595436
101040,3764.778422455968
101041,5805.088540325525
101042,7426.678673007053
101043,5330.830950615763
101044,7321.7207173449515
101045,2540.838088599231
101046,2181.597091789322
101047,3274.671263362998
101048,11527.514382497859
101049,3256.741448497275
101050,2872.2665433979937
101051,4964.939580783017
101052,2577.3929399557883
101053,3484.472539954607
101054,2598.334787329827
101055,2544.304947280948
101056,5941.229389496717
101057,3228.948142086399
101058,3322.8555310528163
101059,6262.036590646621
101060,2220.9711618976025
101061,7832.963691548785
101062,7780.021758067702
101063,2968.193481330506
101064,2398.858231906761
101065,2727.154693506928
101066,2565.3792934409935
101067,2682.289435462417
101068,2523.070163625901
101069,3834.658356827221
101070,1868.319708575973
101071,2072.6305765355964
101072,3735.817180054028
101073,3314.6815465834866
101074,3045.334513291845
101075,3746.2134593861438
101076,2968.4996552046487
101077,3969.359212734795
101078,4810.314093615332
101079,4389.148825756623
101080,3982.1151460272254
101081,3032.3163698025014
101082,4460.139924237407
101083,3229.4388344497183
101084,3405.695727475987
101085,2269.0099263946086
101086,2474.7240825180447
101087,10885.714101370451
101088,5153.691197175629
101089,3134.845769929888
101090,6559.583812577797
101091,3065.6531433505875
101092,6770.110163780762
101093,2487.7096881261323
101094,3218.999909633135
101095,4582.468035778544
101096,6458.962315271161
101097,8989.86673530407
101098,7835.945158719282
101099,1604.9970999162783
101100,4191.369913937958
101101,5295.440724110864
101102,3377.4068883509344
101103,3598.090963237918
101104,2477.990746098386
101105,2644.221365960021
101106,2519.448374603112
101107,3699.1147694717433
101108,3232.658436062215
101109,2621.1121504861376
101110,2199.272643962093
101111,6206.714945181511
101112,3342.261857058326
101113,2947.193264632071
101114,9816.587451832565
101115,6706.2450951611245
101116,2995.4477088860967
101117,2099.3818446208584
101118,2301.6964139839374
101119,2415.4562073604448
101120,9197.065164662441
101121,9518.7503557589
101122,2623.8805261614225
101123,10279.12728111643
101124,2490.343669191766
101125,3077.523182074751
101126,3129.393120022914
101127,2251.0713186718754
101128,4132.331834981359
101129,4697.442815261494
101130,3693.4724666616016
101131,3377.1274540079057
101132,5071.4713337558105
101133,3853.8246365441664
101134,2512.371280794015
101135,6790.036358907016
101136,8664.584456665492
101137,6037.62758163039
101138,3102.6123356437683
101139,5614.2466872743225
101140,2669.284951577274
101141,2879.115178604403
101142,9613.031607263043
101143,2551.3813510563923
101144,3084.605042721814
101145,2525.720399980196
101146,7375.035968738059
101147,3312.3196076740082
101148,3344.650449075356
101149,4106.437542621153
101150,3496.5717419285556
101151,3302.0461258744654
101152,3798.1270568813607
101153,3230.919052904893
101154,2809.3787387188263
101155,4614.185552892344
101156,2490.918566652264
101157,3828.5285014939227
101158,2580.827529530892
101159,10167.04509523281
101160,3311.5925842629667
101161,9140.646093990268
101162,3534.3089354415724
101163,3560.1389381241493
101164,6439.415762097336
101165,3222.03841538787
101166,3689.736038134373
101167,3293.460898316782
101168,3930.40095264461
101169,3162.5342560662107
101170,2167.933378781096
101171,3256.7374731995187
101172,2619.217330978673
101173,2432.741059023495
101174,4789.32262131121
101175,1839.2926574999292
101176,2105.793638444231
101177,3985.4827233804617
101178,4273.60058364285
101179,6220.587846921459
101180,6564.895773172508
101181,3930.954454079003
101182,4424.845701486264
101183,5553.987567249267
101184,2658.041944917879
101185,2091.7737728770257
101186,2205.5314815392076
101187,2041.5657433097556
101188,20884.48055140448
101189,1554.3827161619874
101190,2666.717802743594
101191,4755.472689171165
101192,4785.221642531585
101193,2911.000930730823
101194,8482.58386614719
101195,2167.7476208022817
101196,2729.236897086923
101197,2657.863559549738
101198,3291.609085590089
101199,2800.647781634926
101200,4283.414326062665
101201,1591.3617024633695
101202,4572.723748615217
101203,1994.191345446601
101204,2804.453199158238
101205,2339.021898501389
101206,2168.974998439031
101207,2701.6781151585474
101208,2290.3563533763936
101209,2959.9166048536745
101210,3408.264327177657
101211,3498.6235311114533
101212,2265.0406752182053
101213,3010.969078737227
101214,9530.314253234792
101215,2044.0272467469151
101216,2954.736168131026
101217,3487.102974363342
101218,2088.9195176928934
101219,6508.0459904452255
101220,3908.779608666531
101221,2180.9298822397473
101222,4495.225052978679
101223,2544.6232241230955
101224,2592.3589919005126
101225,2463.0031723990064
101226,2543.925351579016
101227,4866.040274844123
101228,2699.6432624938307
101229,4571.4355515099405
101230,2450.0796217173947
101231,2904.7351951263227
101232,3730.57928910565
101233,4852.413995358736
101234,3817.2340808479476
101235,4656.484246764238
101236,2408.4761339980423
101237,10859.121664989412
101238,2348.1080551838177
101239,2692.9830106179224
101240,3001.908342169446
101241,3750.787529262092
101242,3693.196736144745
101243,2833.768019847398
101244,6250.047124239711
101245,4853.658076485751
101246,3678.250725179325
101247,3280.8257632698796
101248,3679.5409435742813
101249,4850.50124663852
101250,2692.0477736646353
101251,3470.433695557584
101252,2205.528780878066
101253,2929.074524154058
101254,1755.6082012787238
101255,2778.328015837841
101256,6749.868883902584
101257,3270.7972898517182
101258,4104.170874362186
101259,2558.0695585122994
101260,2929.912359329428
101261,3712.8400912894163
101262,6763.828095387184
101263,2786.0106826820893
101264,1933.4469320198373
101265,3510.3834771715556
101266,2520.955085807179
101267,2730.753613557189
101268,2744.6267684488685
101269,2212.037946366766
101270,4897.374382038974
101271,4044.572848137201
101272,2256.568445625822
101273,3740.3227359989105
101274,5693.912450704348
101275,2332.761373572507
101276,4620.645828396226
101277,3555.037718428583
101278,3113.988194653949
101279,1932.580307688061
101280,4413.711531367985
101281,2033.9765581991887
101282,6833.322283390868
101283,6518.971704678586
101284,3861.831602232609
101285,3510.221777967029
101286,3657.697633864804
101287,5258.76192072824
101288,9819.78110869363
101289,2218.70457052587
101290,5063.384784007013
101291,2470.842893031181
101292,3322.194458405642
101293,9351.93101798028
101294,2787.9360838445423
101295,3059.5495210338495
101296,2484.5002994948036
101297,3720.289173060287
101298,4920.365132486565
101299,5299.329352611233
101300,5118.7799666829715
101301,6810.039166322842
101302,3789.5813034100593
101303,6187.929844568949
101304,2424.77754589013
101305,3129.1059143804105
101306,1582.0694949507647
101307,5496.132880101872
101308,3807.4879743334673
101309,3319.1761330785794
101310,3399.9895478630137
101311,2423.17545266704
101312,3154.431561290955
101313,4268.833043241399
101314,4824.382067902232
101315,5835.2333767817445
101316,4140.893061239188
101317,4752.580316233399
101318,2221.752488396786
101319,2269.7681854838875
101320,3040.3306417836993
101321,3090.1450045900774
101322,3139.078344967174
101323,3706.0480348650326
101324,2043.602555751791
101325,4518.8871452041285
101326,3455.9499182736126
101327,3320.888624920911
101328,3147.7959818715544
101329,3098.048941771538
101330,3318.7967336953693
101331,6692.513796025969
101332,9760.262350345773
101333,8484.155925572393
101334,3174.4658729803846
101335,2328.7781202213473
101336,3721.8593407195476
101337,3564.9695811393535
101338,2135.2956715220334
101339,6392.756569852245
101340,4276.392745271298
101341,6234.106620187123
101342,2288.416350668258
101343,2990.958790520145
101344,3459.6101170711418
101345,3131.498025179798
101346,4222.704492947379
101347,1789.8571403147507
101348,2409.7264326778377
101349,3088.131401625251
101350,6079.918171474535
101351,1855.7359290653299
101352,9578.340839655628
101353,2348.939536880037
101354,2659.101515828752
101355,1915.6791853666177
101356,2683.844432123622
101357,2903.14133875851
101358,4324.386015291886
101359,2278.075269693255
101360,10241.828683514825
101361,2541.5864073999987
101362,4365.562988946925
101363,3062.5581652357573
101364,2704.2921156950433
101365,3200.461786493158
101366,3468.4235321935407
101367,8373.273817766592
101368,2786.5237372497604
101369,2276.369828116772
101370,2595.364918749194
101371,5239.213556136461
101372,2316.4809474522763
101373,3289.709338966922
101374,4268.250812793288
101375,3015.490117161865
101376,3583.917253129006
101377,2332.6199779680687
101378,3707.728643722941
101379,3126.415329490509
101380,3500.6532439834696
101381,3675.9115908513086
101382,4323.666297434234
101383,3263.249628494802
101384,2399.947326264619
101385,6854.185030683613
101386,5933.548230809134
101387,2686.637595634108
101388,3814.096333881483
101389,3304.7183638486754
101390,3170.1758529960784
101391,3163.8938302420106
101392,8302.775416911678
101393,5370.9455082222685
101394,3885.534894103929
101395,13847.95360490841
101396,12448.653545204132
101397,5729.719449988857
101398,2769.7371214758064
101399,3262.5821246128025
101400,4088.870290582101
101401,2933.954063562226
101402,1707.771186613436
101403,2662.7851211406123
101404,1943.6062890984372
101405,3795.9836171618617
101406,3436.8380489318815
101407,3933.6930798678914
101408,2741.7084752977753
101409,2018.371827088647
101410,2137.2997296794247
101411,2828.1378896158003
101412,2713.5359031665844
101413,7737.656870199899
101414,2487.710198163787
101415,14303.494717907446
101416,4853.293338939547
101417,2653.490500972433
101418,10541.722417063995
101419,2372.849515473393
101420,5287.768775057642
101421,2326.2801585535635
101422,10196.565477456299
101423,6091.089375395155
101424,2783.698643862946
101425,5752.116296422753
101426,3021.58231568926
101427,3469.7743463683755
101428,2143.611343178331
101429,3981.083205770724
101430,6188.020066417897
101431,7852.011622045195
101432,3849.340675337741
101433,3319.195451698549
101434,2194.11785675939
101435,2581.871928113988
101436,5989.178571112141
101437,2878.7132396251764
101438,3048.565627601766
101439,2759.286837062187
101440,2823.0410825534427
101441,2252.6209726514644
101442,2421.9519957333855
101443,2465.609644572917
101444,7305.871409678876
101445,2892.9497486934324
101446,6115.371545476375
101447,4503.023580130595
101448,3319.4979955966237
101449,2966.504952624028
101450,4718.857895112162
101451,4626.08597456143
101452,3123.5940986760893
101453,8367.426918517493
101454,3420.7260520470672
101455,4374.74436174692
101456,2772.9388465747797
101457,10894.581388233866
101458,2303.6907587830806
101459,8221.243478201646
101460,2712.3571574275757
101461,1882.8609104145626
101462,3024.008244561058
101463,3018.564056630497
101464,2726.9356570355153
101465,3937.8275917451238
101466,3940.0656084208176
101467,5560.818720454858
101468,3340.0344875534056
101469,3411.7493623016935
101470,2539.141438863166
101471,8273.547050322039
101472,5771.877675358309
101473,2747.850219321289
101474,2998.9578242339076
101475,2612.778869882113
101476,2345.209741516873
101477,2987.0168499706224
101478,2991.8239888540684
101479,3586.03042098759
101480,2733.265265536459
101481,3390.2718123704462
101482,2803.9123753220774
101483,2108.9693184541775
101484,3720.9294681687015
101485,5871.4777736306005
101486,3755.3475232103883
101487,2334.467660217263
101488,3605.5388070274003
101489,2018.3221658281202
101490,2966.17290397208
101491,2069.483790769599
101492,3538.441703006738
101493,2595.4167631374016
101494,8306.502956994584
101495,2537.994673285367
101496,2695.658832093313
101497,4118.628487770537
101498,2586.9816515148914
101499,2900.584993802599
101500,3386.9189974070596
101501,4258.942973545094
101502,4603.296106845019
101503,2564.44017701198
101504,2713.8977301243253
101505,2806.8556220414057
101506,12452.567333427192
101507,3807.043179578109
101508,3558.449912593842
101509,6426.890610517568
101510,2019.6490538510207
101511,4200.1892131177765
101512,3530.2010089136106
101513,4223.783271222121
101514,3307.7899209959205
101515,14041.62658357838
101516,2183.5838391844127
101517,3288.9898037640105
101518,2008.4833709296704
101519,5113.257933992466
101520,3200.8439947796533
101521,2836.164507873287
101522,2434.7769268520924
101523,3133.320179493913
101524,1839.014779125639
101525,3580.1522924055666
101526,2498.2006242214115
101527,5763.216784227738
101528,8305.137904025269
101529,8753.996987996636
101530,2417.7368189756326
101531,2732.157471779433
101532,2733.174449764481
101533,5051.730444194251
101534,2324.573663022169
101535,7909.0339580777345
101536,2154.102373225347
101537,2777.285559764637
101538,5241.882822647102
101539,3466.3686259315746
101540,2430.3243340200534
101541,4228.954007740983
101542,3126.9981150649173
101543,3475.211614236025
101544,2205.1151955802293
101545,2785.1953165019895
101546,2703.0337064454343
101547,3219.2169025373078
101548,4163.985399457624
101549,2675.665839880731
101550,10043.644587295086
101551,2102.0123701961415
101552,3815.880019129903
101553,5187.04933271827
101554,3292.9780917884873
101555,7711.044455560719
101556,2594.2053631047256
101557,10498.179537987055
101558,3349.166754567841
101559,2266.0130606771168
101560,3772.5834595306555
101561,3769.416995139745
101562,2587.1650357397107
101563,1870.1902537616684
101564,2732.59933831429
101565,3037.460075810769
101566,5753.861453556025
101567,3229.5279824771555
101568,3749.7491802116174
101569,2541.2201294691095
101570,2683.810609097646
101571,1968.6656376768979
101572,3118.849199413347
101573,4209.061327143852
101574,5747.360523156578
101575,2019.618084392167
101576,2064.8708060112313
101577,5625.539453632195
101578,5014.330827535114
101579,3432.0965186464564
101580,6474.344491063743
101581,1905.7280433682731
101582,2099.801341753905
101583,3027.7921789330353
101584,1889.0521872192771
101585,8949.105142283985
101586,4556.131381368563
101587,2731.8625319383473
101588,2763.550020459287
101589,5719.242705042165
101590,3535.5127553877937
101591,4843.514342157632
101592,3499.877246493185
101593,2780.8308225861642
101594,2746.401907176081
101595,4093.990149597094
101596,5450.007347355309
101597,2970.0534093789192
101598,3551.033480781201
101599,5928.534447775908
101600,4072.864504925315
101601,10102.477608289038
101602,3666.4600993760127
101603,7748.034096960501
101604,4409.880199062157
101605,2280.2042982466446
101606,3036.6611946404532
101607,3977.3366925164855
101608,2724.605014154341
101609,8896.868508751151
101610,2066.9672966033518
101611,3550.7676172287443
101612,1931.1878752532557
101613,6453.9936447530945
101614,4626.695973583759
101615,4000.986281908039
101616,3195.3363388356543
101617,2432.2035630260807
101618,9922.36506040908
101619,2649.501277828384
101620,1651.8559029433372
101621,2806.5469528935128
101622,2611.0784498963912
101623,2840.345788965852
101624,2877.7219086310524
101625,4247.718640725255
101626,2101.9146844591705
101627,6193.092836889517
101628,2655.952584530861
101629,2824.2444302611066
101630,5033.050315633621
101631,5831.991169423601
101632,2099.295969769566
101633,4047.108176631434
101634,2007.1650411198007
101635,2454.264435135083
101636,2789.4151668933
101637,3129.078368087145
101638,4001.401429688669
101639,2692.4010984781544
101640,3399.8768723583435
101641,5521.073267940045
101642,3825.54724830191
101643,4789.865465834287
101644,2604.178334229482
101645,2455.500755329982
101646,6845.478778214918
101647,2421.0491433936095
101648,2155.4253205131154
101649,2361.9966374868327
101650,4110.3440342797885
101651,6796.544453594111
101652,8602.733663820894
101653,3035.125976048749
101654,2201.759379940807
101655,2906.421181565247
101656,1476.4428923674632
101657,8340.136048356713
101658,10253.688243389184
101659,4767.79978595681
101660,1879.3795969436883
101661,2034.1721549304941
101662,2106.53231549173
101663,1902.7897272049795
101664,3461.0728107734053
101665,2637.8188341213868
101666,2592.375634080988
101667,2851.4666568076836
101668,2804.7455236754427
101669,1910.5501678348446
101670,12953.30949168709
101671,2694.311533373524
101672,2987.532458120147
101673,3312.4285137997026
101674,2062.5408652622264
101675,3343.7088931177714
101676,5590.4777649674
101677,3229.1891765630003
101678,3239.4650128382423
101679,4533.321585160165
101680,2835.6345952809133
101681,2120.1818898204147
101682,2522.480937189239
101683,1988.4231277930487
101684,2622.405477036804
101685,11497.348993130196
101686,5164.443508642562
101687,4783.874246588983
101688,4563.311830939236
101689,2767.6058064314375
101690,3069.983217997563
101691,2179.2977447449557
101692,3303.59162712244
101693,7005.0771961899845
101694,2285.4124293504674
101695,2880.8129513627728
101696,2754.9633342157995
101697,9459.103198405139
101698,3647.5754673383644
101699,4102.322685189761
101700,2216.436109105791
101701,2191.830493011711
101702,2122.2351881240656
101703,4664.573019511815
101704,1914.9125846060733
101705,9919.898665233875
101706,5047.4340537215485
101707,6331.534166227717
101708,4088.4441801105727
101709,2560.873226201993
101710,9482.124730945132
101711,3847.2859814562935
101712,2327.159384373311
101713,2888.6186306235904
101714,3810.876463081336
101715,2949.4236043587416
101716,7063.1323333492865
101717,5068.159132400817
101718,4487.267372507703
101719,2611.096952378418
101720,5140.743265493534
101721,3883.776096549685
101722,5277.238803000704
101723,2863.8066582850593
101724,3369.0448116028347
101725,2177.9467863027576
101726,3712.5025294073625
101727,8126.212436300577
101728,3286.1573269518003
101729,3610.5445679021136
101730,4153.111572388516
101731,6578.190192436948
101732,4304.240828369673
101733,2752.0155170725548
101734,2825.520604376595
101735,3882.59576283481
101736,5299.637853904153
101737,2557.5203282251887
101738,4116.12650356749
101739,2823.4769870627624
101740,2627.3814524970426
101741,2462.9159319143623
101742,7789.692186868219
101743,2135.2775469665435
101744,5090.235487498874
101745,6116.0410753101605
101746,6583.921695038603
101747,3429.8011888451038
101748,6841.419922445333
101749,6675.346268252664
101750,2580.3475942284535
101751,5851.331319272466
101752,2612.9389091873345
101753,2559.848900023074
101754,3021.464894631975
101755,3329.6455214874013
101756,1778.7193763436703
101757,2903.7864087241733
101758,3461.4820269794163
101759,3741.051926006772
101760,5517.14602263196
101761,2027.6839229568209
101762,9843.582797726755
101763,5888.5455473179445
101764,5057.457020535369
101765,2727.3524684201275
101766,3620.550087134571
101767,2837.6332398235772
101768,3402.1447748151295
101769,4275.67904608645
101770,3698.7836376552177
101771,4529.369310155869
101772,4268.121710151143
101773,5691.60515865041
101774,3282.554717104826
101775,2959.8432315748078
101776,3006.0269492286175
101777,1877.6881044735792
101778,8926.431357055742
101779,2269.4353775331138
101780,6544.27073406181
101781,2229.5562010299873
101782,3021.5890014414576
101783,7621.4482483082475
101784,7787.944348779728
101785,2433.3242097947405
101786,3099.8042027818246
101787,3039.1860781810847
101788,1905.4055412541693
101789,3170.5712752206314
101790,2463.580644528292
101791,3898.955939250328
101792,3273.7738604837814
101793,4288.077909477478
101794,2774.705489099764
101795,2833.600729404431
101796,4371.140156673536
101797,4986.777514474108
101798,3215.037904302121
101799,2977.905305472953
101800,2987.0496005870637
101801,4780.452645239007
101802,9198.518025839523
101803,5333.623930113161
101804,3282.6293985398815
101805,3021.6631706382113
101806,4749.321527467715
101807,2097.061329335419
101808,5767.498232020578
101809,2305.5160708744434
101810,3759.7288233425866
101811,2388.3222196842867
101812,4089.3230086314265
101813,3679.19509879644
101814,2591.9493252330267
101815,3138.0878839976353
101816,2030.70675529203
101817,1733.976711958046
101818,3414.677207002404
101819,1486.2383182317553
101820,4393.5347581652395
101821,4818.823735763529
101822,5145.407326335924
101823,2183.1664887897578
101824,8008.696518010623
101825,2581.443705546693
101826,13632.178862786413
101827,2617.6731917160814
101828,3101.1272920070955
101829,3003.0896333538362
101830,4825.491697790232
101831,2758.58313320715
101832,4213.573567625528
101833,1773.777277002248
101834,5911.884289886721
101835,2124.088541180727
101836,3324.981596473186
101837,4492.881183036776
101838,2547.267431747959
101839,6341.905245618935
101840,3406.669212723782
101841,2440.849941959346
101842,3359.8207216263545
101843,2725.230505914482
101844,7464.295777514321
101845,6166.5248133521345
101846,9064.225437886693
101847,2960.3519951463086
101848,3243.7903345742766
101849,3624.600059061225
101850,2053.3790411532855
101851,2352.9880955103517
101852,2007.9964250765797
101853,4387.52550804665
101854,2480.4227687723214
101855,1980.4891820299208
101856,4492.902857736435
101857,3743.303233572278
101858,2825.267628753591
101859,4178.237751752236
101860,2606.380559612724
101861,2600.0595936121144
101862,4268.31350904692
101863,5400.661873211964
101864,2161.874017519448
101865,3709.8903563059407
101866,3386.515521445292
101867,3242.784768468836
101868,2816.7724539043975
101869,4382.464393506694
101870,6573.411154420906
101871,4540.852022529984
101872,2743.0795693310793
101873,2783.57800921543
101874,3294.395773726872
101875,4347.340147524671
101876,6055.044549582561
101877,5303.464116110676
101878,14067.771679511328
101879,2460.882511649516
101880,2646.6904778051494
101881,2625.010577731332
101882,4847.913151895783
101883,3211.1571203358844
101884,2348.654340626013
101885,2731.2758511555267
101886,2350.6066223065177
101887,13068.511561238238
101888,4813.443255067277
101889,3163.8382219753503
101890,3797.640824998619
101891,1790.457062890402
101892,9927.836854654899
101893,9622.993142944048
101894,2515.991211438489
101895,6389.426710040041
101896,2780.2682288875435
101897,3477.0211636193194
101898,3577.801078554592
101899,4230.1159239667995
101900,3442.2871401738403
101901,4659.348606452519
101902,5783.920684661687
101903,1802.5758036163875
101904,6414.420500213675
101905,5232.628588612194
101906,4653.235665706039
101907,3712.2641548928586
101908,3398.655908927622
101909,4485.855841088822
101910,8486.6939241753
101911,1673.96053972939
101912,3097.203088285542
101913,4149.781354633091
101914,3510.0376424353053
101915,4480.0774694105685
101916,5492.205737261263
101917,2438.777511936605
101918,7366.025759681701
101919,2757.4836525668907
101920,4069.401276920164
101921,2695.7022630268057
101922,4978.735132415229
101923,2048.5404068089083
101924,7626.638729748734
101925,4129.406211209363
101926,2269.888427502411
101927,8230.025080635718
101928,6452.581219203108
101929,3439.310391706209
101930,4261.1463689878665
101931,3716.5709288224816
101932,2655.962043833282
101933,2906.2654358605496
101934,2833.222247861961
101935,4304.880315259929
101936,3175.3815091113875
101937,2862.0594293548293
101938,6800.797983582747
101939,4261.248454856808
101940,2577.563083324475
101941,4360.184945003769
101942,2547.390531250943
101943,2578.299822721745
101944,2855.395381423527
101945,10262.848674664121
101946,3141.25899761321
101947,2964.4439508909795
101948,4496.687856889878
101949,6521.857361457044
101950,4365.528873061613
101951,7787.914274951627
101952,7155.380398601266
101953,4289.976594781214
101954,2955.609109986197
101955,4132.262912626308
101956,7626.71717181121
101957,3846.5717986988097
101958,4092.402678547556
101959,2269.9549720663717
101960,1878.8110679934885
101961,4542.680001245064
101962,8392.709007505808
101963,3254.150509011617
101964,2785.3248315432843
101965,3754.1934301756305
101966,3477.572134840795
101967,4954.194353180261
101968,4582.050643196368
101969,2753.709432878808
101970,4674.579244049134
101971,2513.8033273153333
101972,4063.4498078225033
101973,2082.826392040555
101974,4735.829908665579
101975,2537.4422634130824
101976,3677.07084384139
101977,2099.1409454469845
101978,4117.449358800239
101979,3550.0680954133
101980,2250.9726053376125
101981,3092.7883532303717
101982,2686.6046515335183
101983,2541.0047307630584
101984,3595.479686242947
101985,2489.9617158413957
101986,5128.856914959251
101987,3317.1774025059926
101988,2116.346159053799
101989,2057.677449960217
101990,2493.392244486434
101991,3429.24091538205
101992,3533.1838531815233
101993,1768.277923269467
101994,6654.857954155738
101995,3936.81815202542
101996,2050.602927848311
101997,5556.032739386292
101998,2985.1151155607286
101999,3390.000256954111
102000,3446.173686232483
102001,3847.21946711519
